1.369282697080175 -2.9351635531016553 0.478509363045035 0.9167832760064667 -0.9470684045506398 -0.72319437380878
3.0117046485635024 -1.4302338104129177 3.139630787327437 0.3692698601070373 -1.32782764991827 -2.706758991870232
0.8756651458273796 -0.5871961367220205 0.6687236035509151 2.3446516530580466 1.205195287651481 -2.1699812262150884
0.1677126169378219 0.4757095975736594 0.33217099649160237 1.1022100307382154 0.6415945022982901 -0.44764905818610323
-2.1858252519530317 -0.3887748148861659 -2.946913023114965 -0.4551427985852442 -0.9396422778784553 3.0729300757458047
-0.5563792905691133 -0.36976213138438263 1.0726537032282175 1.0548434222649774 -1.0891709745974454 -0.43225908418662856
-3.1238546643531446 -1.2924963000181495 1.6656622365443785 -0.5047916103393398 4.745888993754414 -5.79711718343257
-0.35446116461119725 -1.0089925413483847 -1.3884314997361231 -1.0745463296480902 3.0649879500646526 0.8682930202927397
0.74899036724675 -0.3225137389847512 -0.26925952793975566 0.3277361821477291 -4.852161274710492 3.1092650251003304
1.469895279719258 -2.9699095188660927 0.732348599535571 -1.7865510079160944 -1.3461828827245474 -0.23467337853164608
2.413275892860151 1.3442129313524473 -2.6904447157394626 -1.1980961652729765 -2.664436508205467 4.2504987937195295
-2.620388747597825 -1.0638245732365197 -2.8624009324369553 -2.458855164211939 2.298969649901372 3.54099023544388
